name: NumberBaseball
channels:
  - conda-forge
  - defaults
dependencies:
  - bzip2=1.0.8=h2bbff1b_6
  - ca-certificates=2024.8.30=h56e8100_0
  - glib=2.80.2=h0df6a38_0
  - glib-tools=2.80.2=h2f9d560_0
  - gst-plugins-base=1.24.4=hba88be7_0
  - gstreamer=1.24.4=h5006eae_0
  - icu=73.2=h63175ca_0
  - krb5=1.21.3=hdf4eb48_0
  - libclang13=18.1.7=default_h97ce8ae_0
  - libffi=3.4.4=hd77b12b_1
  - libglib=2.80.2=h0df6a38_0
  - libiconv=1.17=hcfcfb64_2
  - libintl=0.22.5=h5728263_3
  - libintl-devel=0.22.5=h5728263_3
  - libjpeg-turbo=3.0.0=hcfcfb64_1
  - libogg=1.3.5=h2466b09_0
  - libpng=1.6.43=h19919ed_0
  - libsqlite=3.46.1=h2466b09_0
  - libvorbis=1.3.7=h0e60522_0
  - libzlib=1.2.13=h2466b09_6
  - openssl=3.3.2=h2466b09_0
  - packaging=24.1=pyhd8ed1ab_0
  - pcre2=10.43=h17e33f8_0
  - pip=24.2=py311haa95532_0
  - ply=3.11=pyhd8ed1ab_2
  - pyqt=5.15.9=py311h125bc19_5
  - pyqt5-sip=12.12.2=py311h12c1d0e_5
  - python=3.11.9=he1021f5_0
  - python_abi=3.11=2_cp311
  - qt-main=5.15.8=hcef0176_21
  - setuptools=72.1.0=py311haa95532_0
  - sip=6.7.12=py311h12c1d0e_0
  - sqlite=3.45.3=h2bbff1b_0
  - tk=8.6.14=h0416ee5_0
  - toml=0.10.2=pyhd8ed1ab_0
  - tomli=2.0.1=pyhd8ed1ab_0
  - tzdata=2024a=h04d1e81_0
  - ucrt=10.0.22621.0=h57928b3_0
  - vc=14.40=h2eaa2aa_0
  - vc14_runtime=14.40.33810=hcc2c482_20
  - vs2015_runtime=14.40.33810=h3bf8584_20
  - wheel=0.43.0=py311haa95532_0
  - xz=5.4.6=h8cc25b3_1
  - zlib=1.2.13=h2466b09_6
  - zstd=1.5.6=h0ea2cb4_0
prefix: C:\Users\gkswn\anaconda3\envs\NumberBaseball
